{
 "cells": [
  {
   "cell_type": "code",
   "execution_count": 1,
   "id": "a6ccdffa",
   "metadata": {},
   "outputs": [],
   "source": [
    "import pandas as pd"
   ]
  },
  {
   "cell_type": "code",
   "execution_count": 2,
   "id": "820abbd1",
   "metadata": {},
   "outputs": [],
   "source": [
    "#Read DataFrame\n",
    "df = pd.read_csv('Materiale/beer_profile_and_ratings.csv')"
   ]
  },
  {
   "cell_type": "code",
   "execution_count": 3,
   "id": "bbd3d345",
   "metadata": {},
   "outputs": [
    {
     "data": {
      "text/html": [
       "<div>\n",
       "<style scoped>\n",
       "    .dataframe tbody tr th:only-of-type {\n",
       "        vertical-align: middle;\n",
       "    }\n",
       "\n",
       "    .dataframe tbody tr th {\n",
       "        vertical-align: top;\n",
       "    }\n",
       "\n",
       "    .dataframe thead th {\n",
       "        text-align: right;\n",
       "    }\n",
       "</style>\n",
       "<table border=\"1\" class=\"dataframe\">\n",
       "  <thead>\n",
       "    <tr style=\"text-align: right;\">\n",
       "      <th></th>\n",
       "      <th>ABV</th>\n",
       "      <th>Min IBU</th>\n",
       "      <th>Max IBU</th>\n",
       "      <th>Astringency</th>\n",
       "      <th>Body</th>\n",
       "      <th>Alcohol</th>\n",
       "      <th>Bitter</th>\n",
       "      <th>Sweet</th>\n",
       "      <th>Sour</th>\n",
       "      <th>Salty</th>\n",
       "      <th>Fruits</th>\n",
       "      <th>Hoppy</th>\n",
       "      <th>Spices</th>\n",
       "      <th>Malty</th>\n",
       "      <th>review_aroma</th>\n",
       "      <th>review_appearance</th>\n",
       "      <th>review_palate</th>\n",
       "      <th>review_taste</th>\n",
       "      <th>review_overall</th>\n",
       "      <th>number_of_reviews</th>\n",
       "    </tr>\n",
       "  </thead>\n",
       "  <tbody>\n",
       "    <tr>\n",
       "      <th>count</th>\n",
       "      <td>3197.000000</td>\n",
       "      <td>3197.000000</td>\n",
       "      <td>3197.000000</td>\n",
       "      <td>3197.000000</td>\n",
       "      <td>3197.000000</td>\n",
       "      <td>3197.000000</td>\n",
       "      <td>3197.000000</td>\n",
       "      <td>3197.000000</td>\n",
       "      <td>3197.000000</td>\n",
       "      <td>3197.000000</td>\n",
       "      <td>3197.000000</td>\n",
       "      <td>3197.000000</td>\n",
       "      <td>3197.000000</td>\n",
       "      <td>3197.000000</td>\n",
       "      <td>3197.000000</td>\n",
       "      <td>3197.000000</td>\n",
       "      <td>3197.000000</td>\n",
       "      <td>3197.000000</td>\n",
       "      <td>3197.000000</td>\n",
       "      <td>3197.000000</td>\n",
       "    </tr>\n",
       "    <tr>\n",
       "      <th>mean</th>\n",
       "      <td>6.526688</td>\n",
       "      <td>21.180482</td>\n",
       "      <td>38.986863</td>\n",
       "      <td>16.515796</td>\n",
       "      <td>46.129496</td>\n",
       "      <td>17.055990</td>\n",
       "      <td>36.364404</td>\n",
       "      <td>58.270879</td>\n",
       "      <td>33.145449</td>\n",
       "      <td>1.017204</td>\n",
       "      <td>38.529559</td>\n",
       "      <td>40.924617</td>\n",
       "      <td>18.345637</td>\n",
       "      <td>75.330935</td>\n",
       "      <td>3.638789</td>\n",
       "      <td>3.754393</td>\n",
       "      <td>3.660428</td>\n",
       "      <td>3.702496</td>\n",
       "      <td>3.747522</td>\n",
       "      <td>233.284955</td>\n",
       "    </tr>\n",
       "    <tr>\n",
       "      <th>std</th>\n",
       "      <td>2.546997</td>\n",
       "      <td>13.242242</td>\n",
       "      <td>21.355281</td>\n",
       "      <td>10.410661</td>\n",
       "      <td>25.947842</td>\n",
       "      <td>17.331334</td>\n",
       "      <td>25.791152</td>\n",
       "      <td>34.281310</td>\n",
       "      <td>35.780172</td>\n",
       "      <td>2.132651</td>\n",
       "      <td>32.296646</td>\n",
       "      <td>30.403641</td>\n",
       "      <td>23.756582</td>\n",
       "      <td>39.909338</td>\n",
       "      <td>0.503209</td>\n",
       "      <td>0.403416</td>\n",
       "      <td>0.449937</td>\n",
       "      <td>0.510361</td>\n",
       "      <td>0.444288</td>\n",
       "      <td>361.811847</td>\n",
       "    </tr>\n",
       "    <tr>\n",
       "      <th>min</th>\n",
       "      <td>0.000000</td>\n",
       "      <td>0.000000</td>\n",
       "      <td>0.000000</td>\n",
       "      <td>0.000000</td>\n",
       "      <td>0.000000</td>\n",
       "      <td>0.000000</td>\n",
       "      <td>0.000000</td>\n",
       "      <td>0.000000</td>\n",
       "      <td>0.000000</td>\n",
       "      <td>0.000000</td>\n",
       "      <td>0.000000</td>\n",
       "      <td>0.000000</td>\n",
       "      <td>0.000000</td>\n",
       "      <td>0.000000</td>\n",
       "      <td>1.509615</td>\n",
       "      <td>1.571429</td>\n",
       "      <td>1.285714</td>\n",
       "      <td>1.214286</td>\n",
       "      <td>1.136364</td>\n",
       "      <td>1.000000</td>\n",
       "    </tr>\n",
       "    <tr>\n",
       "      <th>25%</th>\n",
       "      <td>5.000000</td>\n",
       "      <td>15.000000</td>\n",
       "      <td>25.000000</td>\n",
       "      <td>9.000000</td>\n",
       "      <td>29.000000</td>\n",
       "      <td>6.000000</td>\n",
       "      <td>17.000000</td>\n",
       "      <td>33.000000</td>\n",
       "      <td>11.000000</td>\n",
       "      <td>0.000000</td>\n",
       "      <td>12.000000</td>\n",
       "      <td>18.000000</td>\n",
       "      <td>4.000000</td>\n",
       "      <td>45.000000</td>\n",
       "      <td>3.422559</td>\n",
       "      <td>3.604651</td>\n",
       "      <td>3.470021</td>\n",
       "      <td>3.500000</td>\n",
       "      <td>3.566667</td>\n",
       "      <td>23.000000</td>\n",
       "    </tr>\n",
       "    <tr>\n",
       "      <th>50%</th>\n",
       "      <td>6.000000</td>\n",
       "      <td>20.000000</td>\n",
       "      <td>35.000000</td>\n",
       "      <td>14.000000</td>\n",
       "      <td>40.000000</td>\n",
       "      <td>11.000000</td>\n",
       "      <td>31.000000</td>\n",
       "      <td>54.000000</td>\n",
       "      <td>22.000000</td>\n",
       "      <td>0.000000</td>\n",
       "      <td>29.000000</td>\n",
       "      <td>33.000000</td>\n",
       "      <td>10.000000</td>\n",
       "      <td>73.000000</td>\n",
       "      <td>3.720183</td>\n",
       "      <td>3.833333</td>\n",
       "      <td>3.741667</td>\n",
       "      <td>3.791667</td>\n",
       "      <td>3.830239</td>\n",
       "      <td>93.000000</td>\n",
       "    </tr>\n",
       "    <tr>\n",
       "      <th>75%</th>\n",
       "      <td>7.600000</td>\n",
       "      <td>25.000000</td>\n",
       "      <td>45.000000</td>\n",
       "      <td>21.000000</td>\n",
       "      <td>58.000000</td>\n",
       "      <td>22.000000</td>\n",
       "      <td>52.000000</td>\n",
       "      <td>77.000000</td>\n",
       "      <td>42.000000</td>\n",
       "      <td>1.000000</td>\n",
       "      <td>60.000000</td>\n",
       "      <td>56.000000</td>\n",
       "      <td>23.000000</td>\n",
       "      <td>103.000000</td>\n",
       "      <td>3.978000</td>\n",
       "      <td>4.000000</td>\n",
       "      <td>3.965587</td>\n",
       "      <td>4.033333</td>\n",
       "      <td>4.032847</td>\n",
       "      <td>284.000000</td>\n",
       "    </tr>\n",
       "    <tr>\n",
       "      <th>max</th>\n",
       "      <td>57.500000</td>\n",
       "      <td>65.000000</td>\n",
       "      <td>100.000000</td>\n",
       "      <td>81.000000</td>\n",
       "      <td>175.000000</td>\n",
       "      <td>139.000000</td>\n",
       "      <td>150.000000</td>\n",
       "      <td>263.000000</td>\n",
       "      <td>284.000000</td>\n",
       "      <td>48.000000</td>\n",
       "      <td>175.000000</td>\n",
       "      <td>172.000000</td>\n",
       "      <td>184.000000</td>\n",
       "      <td>239.000000</td>\n",
       "      <td>5.000000</td>\n",
       "      <td>4.666667</td>\n",
       "      <td>5.000000</td>\n",
       "      <td>5.000000</td>\n",
       "      <td>5.000000</td>\n",
       "      <td>3290.000000</td>\n",
       "    </tr>\n",
       "  </tbody>\n",
       "</table>\n",
       "</div>"
      ],
      "text/plain": [
       "               ABV      Min IBU      Max IBU  Astringency         Body  \\\n",
       "count  3197.000000  3197.000000  3197.000000  3197.000000  3197.000000   \n",
       "mean      6.526688    21.180482    38.986863    16.515796    46.129496   \n",
       "std       2.546997    13.242242    21.355281    10.410661    25.947842   \n",
       "min       0.000000     0.000000     0.000000     0.000000     0.000000   \n",
       "25%       5.000000    15.000000    25.000000     9.000000    29.000000   \n",
       "50%       6.000000    20.000000    35.000000    14.000000    40.000000   \n",
       "75%       7.600000    25.000000    45.000000    21.000000    58.000000   \n",
       "max      57.500000    65.000000   100.000000    81.000000   175.000000   \n",
       "\n",
       "           Alcohol       Bitter        Sweet         Sour        Salty  \\\n",
       "count  3197.000000  3197.000000  3197.000000  3197.000000  3197.000000   \n",
       "mean     17.055990    36.364404    58.270879    33.145449     1.017204   \n",
       "std      17.331334    25.791152    34.281310    35.780172     2.132651   \n",
       "min       0.000000     0.000000     0.000000     0.000000     0.000000   \n",
       "25%       6.000000    17.000000    33.000000    11.000000     0.000000   \n",
       "50%      11.000000    31.000000    54.000000    22.000000     0.000000   \n",
       "75%      22.000000    52.000000    77.000000    42.000000     1.000000   \n",
       "max     139.000000   150.000000   263.000000   284.000000    48.000000   \n",
       "\n",
       "            Fruits        Hoppy       Spices        Malty  review_aroma  \\\n",
       "count  3197.000000  3197.000000  3197.000000  3197.000000   3197.000000   \n",
       "mean     38.529559    40.924617    18.345637    75.330935      3.638789   \n",
       "std      32.296646    30.403641    23.756582    39.909338      0.503209   \n",
       "min       0.000000     0.000000     0.000000     0.000000      1.509615   \n",
       "25%      12.000000    18.000000     4.000000    45.000000      3.422559   \n",
       "50%      29.000000    33.000000    10.000000    73.000000      3.720183   \n",
       "75%      60.000000    56.000000    23.000000   103.000000      3.978000   \n",
       "max     175.000000   172.000000   184.000000   239.000000      5.000000   \n",
       "\n",
       "       review_appearance  review_palate  review_taste  review_overall  \\\n",
       "count        3197.000000    3197.000000   3197.000000     3197.000000   \n",
       "mean            3.754393       3.660428      3.702496        3.747522   \n",
       "std             0.403416       0.449937      0.510361        0.444288   \n",
       "min             1.571429       1.285714      1.214286        1.136364   \n",
       "25%             3.604651       3.470021      3.500000        3.566667   \n",
       "50%             3.833333       3.741667      3.791667        3.830239   \n",
       "75%             4.000000       3.965587      4.033333        4.032847   \n",
       "max             4.666667       5.000000      5.000000        5.000000   \n",
       "\n",
       "       number_of_reviews  \n",
       "count        3197.000000  \n",
       "mean          233.284955  \n",
       "std           361.811847  \n",
       "min             1.000000  \n",
       "25%            23.000000  \n",
       "50%            93.000000  \n",
       "75%           284.000000  \n",
       "max          3290.000000  "
      ]
     },
     "execution_count": 3,
     "metadata": {},
     "output_type": "execute_result"
    }
   ],
   "source": [
    "#Describe DataFrame\n",
    "df.describe()"
   ]
  },
  {
   "cell_type": "code",
   "execution_count": 4,
   "id": "dc107df5",
   "metadata": {},
   "outputs": [
    {
     "data": {
      "text/html": [
       "<div>\n",
       "<style scoped>\n",
       "    .dataframe tbody tr th:only-of-type {\n",
       "        vertical-align: middle;\n",
       "    }\n",
       "\n",
       "    .dataframe tbody tr th {\n",
       "        vertical-align: top;\n",
       "    }\n",
       "\n",
       "    .dataframe thead th {\n",
       "        text-align: right;\n",
       "    }\n",
       "</style>\n",
       "<table border=\"1\" class=\"dataframe\">\n",
       "  <thead>\n",
       "    <tr style=\"text-align: right;\">\n",
       "      <th></th>\n",
       "      <th>ABV</th>\n",
       "      <th>Min IBU</th>\n",
       "      <th>Max IBU</th>\n",
       "      <th>Astringency</th>\n",
       "      <th>Body</th>\n",
       "      <th>Alcohol</th>\n",
       "      <th>Bitter</th>\n",
       "      <th>Sweet</th>\n",
       "      <th>Sour</th>\n",
       "      <th>Salty</th>\n",
       "      <th>Fruits</th>\n",
       "      <th>Hoppy</th>\n",
       "      <th>Spices</th>\n",
       "      <th>Malty</th>\n",
       "      <th>review_aroma</th>\n",
       "      <th>review_appearance</th>\n",
       "      <th>review_palate</th>\n",
       "      <th>review_taste</th>\n",
       "      <th>review_overall</th>\n",
       "      <th>number_of_reviews</th>\n",
       "    </tr>\n",
       "  </thead>\n",
       "  <tbody>\n",
       "    <tr>\n",
       "      <th>ABV</th>\n",
       "      <td>1.000000</td>\n",
       "      <td>0.432005</td>\n",
       "      <td>0.501037</td>\n",
       "      <td>-0.169521</td>\n",
       "      <td>0.241673</td>\n",
       "      <td>0.654908</td>\n",
       "      <td>0.067388</td>\n",
       "      <td>0.463487</td>\n",
       "      <td>0.100795</td>\n",
       "      <td>-0.120089</td>\n",
       "      <td>0.291001</td>\n",
       "      <td>-0.052596</td>\n",
       "      <td>0.191468</td>\n",
       "      <td>0.162060</td>\n",
       "      <td>0.416197</td>\n",
       "      <td>0.349139</td>\n",
       "      <td>0.392517</td>\n",
       "      <td>0.381200</td>\n",
       "      <td>0.251838</td>\n",
       "      <td>0.142176</td>\n",
       "    </tr>\n",
       "    <tr>\n",
       "      <th>Min IBU</th>\n",
       "      <td>0.432005</td>\n",
       "      <td>1.000000</td>\n",
       "      <td>0.854248</td>\n",
       "      <td>-0.071501</td>\n",
       "      <td>0.325338</td>\n",
       "      <td>0.323694</td>\n",
       "      <td>0.539452</td>\n",
       "      <td>0.227139</td>\n",
       "      <td>-0.073098</td>\n",
       "      <td>-0.057512</td>\n",
       "      <td>0.066335</td>\n",
       "      <td>0.407475</td>\n",
       "      <td>-0.046152</td>\n",
       "      <td>0.300041</td>\n",
       "      <td>0.343730</td>\n",
       "      <td>0.380908</td>\n",
       "      <td>0.352723</td>\n",
       "      <td>0.339885</td>\n",
       "      <td>0.289972</td>\n",
       "      <td>0.219822</td>\n",
       "    </tr>\n",
       "    <tr>\n",
       "      <th>Max IBU</th>\n",
       "      <td>0.501037</td>\n",
       "      <td>0.854248</td>\n",
       "      <td>1.000000</td>\n",
       "      <td>-0.120273</td>\n",
       "      <td>0.310617</td>\n",
       "      <td>0.392811</td>\n",
       "      <td>0.478080</td>\n",
       "      <td>0.277292</td>\n",
       "      <td>-0.043275</td>\n",
       "      <td>-0.083214</td>\n",
       "      <td>0.172929</td>\n",
       "      <td>0.345168</td>\n",
       "      <td>0.044533</td>\n",
       "      <td>0.288219</td>\n",
       "      <td>0.369456</td>\n",
       "      <td>0.379655</td>\n",
       "      <td>0.355608</td>\n",
       "      <td>0.346557</td>\n",
       "      <td>0.271969</td>\n",
       "      <td>0.221572</td>\n",
       "    </tr>\n",
       "    <tr>\n",
       "      <th>Astringency</th>\n",
       "      <td>-0.169521</td>\n",
       "      <td>-0.071501</td>\n",
       "      <td>-0.120273</td>\n",
       "      <td>1.000000</td>\n",
       "      <td>-0.059540</td>\n",
       "      <td>-0.171987</td>\n",
       "      <td>0.114686</td>\n",
       "      <td>-0.021456</td>\n",
       "      <td>0.571030</td>\n",
       "      <td>0.347155</td>\n",
       "      <td>0.345232</td>\n",
       "      <td>0.330951</td>\n",
       "      <td>-0.083795</td>\n",
       "      <td>-0.082085</td>\n",
       "      <td>0.068579</td>\n",
       "      <td>0.070948</td>\n",
       "      <td>0.106950</td>\n",
       "      <td>0.092021</td>\n",
       "      <td>0.159788</td>\n",
       "      <td>-0.050062</td>\n",
       "    </tr>\n",
       "    <tr>\n",
       "      <th>Body</th>\n",
       "      <td>0.241673</td>\n",
       "      <td>0.325338</td>\n",
       "      <td>0.310617</td>\n",
       "      <td>-0.059540</td>\n",
       "      <td>1.000000</td>\n",
       "      <td>0.268885</td>\n",
       "      <td>0.542236</td>\n",
       "      <td>0.458842</td>\n",
       "      <td>-0.126733</td>\n",
       "      <td>-0.099277</td>\n",
       "      <td>-0.048155</td>\n",
       "      <td>0.070138</td>\n",
       "      <td>0.185123</td>\n",
       "      <td>0.754228</td>\n",
       "      <td>0.360234</td>\n",
       "      <td>0.421331</td>\n",
       "      <td>0.345270</td>\n",
       "      <td>0.365055</td>\n",
       "      <td>0.313824</td>\n",
       "      <td>0.039057</td>\n",
       "    </tr>\n",
       "    <tr>\n",
       "      <th>Alcohol</th>\n",
       "      <td>0.654908</td>\n",
       "      <td>0.323694</td>\n",
       "      <td>0.392811</td>\n",
       "      <td>-0.171987</td>\n",
       "      <td>0.268885</td>\n",
       "      <td>1.000000</td>\n",
       "      <td>0.009088</td>\n",
       "      <td>0.527039</td>\n",
       "      <td>0.048767</td>\n",
       "      <td>-0.094329</td>\n",
       "      <td>0.254299</td>\n",
       "      <td>-0.079949</td>\n",
       "      <td>0.252876</td>\n",
       "      <td>0.270106</td>\n",
       "      <td>0.242989</td>\n",
       "      <td>0.184693</td>\n",
       "      <td>0.205569</td>\n",
       "      <td>0.206701</td>\n",
       "      <td>0.069789</td>\n",
       "      <td>0.048346</td>\n",
       "    </tr>\n",
       "    <tr>\n",
       "      <th>Bitter</th>\n",
       "      <td>0.067388</td>\n",
       "      <td>0.539452</td>\n",
       "      <td>0.478080</td>\n",
       "      <td>0.114686</td>\n",
       "      <td>0.542236</td>\n",
       "      <td>0.009088</td>\n",
       "      <td>1.000000</td>\n",
       "      <td>0.091705</td>\n",
       "      <td>-0.136914</td>\n",
       "      <td>0.004693</td>\n",
       "      <td>-0.093450</td>\n",
       "      <td>0.712887</td>\n",
       "      <td>-0.084048</td>\n",
       "      <td>0.565570</td>\n",
       "      <td>0.241457</td>\n",
       "      <td>0.331854</td>\n",
       "      <td>0.257267</td>\n",
       "      <td>0.253373</td>\n",
       "      <td>0.260874</td>\n",
       "      <td>0.112026</td>\n",
       "    </tr>\n",
       "    <tr>\n",
       "      <th>Sweet</th>\n",
       "      <td>0.463487</td>\n",
       "      <td>0.227139</td>\n",
       "      <td>0.277292</td>\n",
       "      <td>-0.021456</td>\n",
       "      <td>0.458842</td>\n",
       "      <td>0.527039</td>\n",
       "      <td>0.091705</td>\n",
       "      <td>1.000000</td>\n",
       "      <td>0.257913</td>\n",
       "      <td>-0.131918</td>\n",
       "      <td>0.482030</td>\n",
       "      <td>-0.034327</td>\n",
       "      <td>0.107548</td>\n",
       "      <td>0.471032</td>\n",
       "      <td>0.356514</td>\n",
       "      <td>0.332311</td>\n",
       "      <td>0.315767</td>\n",
       "      <td>0.322277</td>\n",
       "      <td>0.207293</td>\n",
       "      <td>0.048487</td>\n",
       "    </tr>\n",
       "    <tr>\n",
       "      <th>Sour</th>\n",
       "      <td>0.100795</td>\n",
       "      <td>-0.073098</td>\n",
       "      <td>-0.043275</td>\n",
       "      <td>0.571030</td>\n",
       "      <td>-0.126733</td>\n",
       "      <td>0.048767</td>\n",
       "      <td>-0.136914</td>\n",
       "      <td>0.257913</td>\n",
       "      <td>1.000000</td>\n",
       "      <td>0.098173</td>\n",
       "      <td>0.785883</td>\n",
       "      <td>0.068895</td>\n",
       "      <td>0.001831</td>\n",
       "      <td>-0.303266</td>\n",
       "      <td>0.289320</td>\n",
       "      <td>0.204817</td>\n",
       "      <td>0.245169</td>\n",
       "      <td>0.244314</td>\n",
       "      <td>0.213449</td>\n",
       "      <td>0.006642</td>\n",
       "    </tr>\n",
       "    <tr>\n",
       "      <th>Salty</th>\n",
       "      <td>-0.120089</td>\n",
       "      <td>-0.057512</td>\n",
       "      <td>-0.083214</td>\n",
       "      <td>0.347155</td>\n",
       "      <td>-0.099277</td>\n",
       "      <td>-0.094329</td>\n",
       "      <td>0.004693</td>\n",
       "      <td>-0.131918</td>\n",
       "      <td>0.098173</td>\n",
       "      <td>1.000000</td>\n",
       "      <td>0.026920</td>\n",
       "      <td>0.172606</td>\n",
       "      <td>-0.023079</td>\n",
       "      <td>-0.028241</td>\n",
       "      <td>-0.088210</td>\n",
       "      <td>-0.081388</td>\n",
       "      <td>-0.038413</td>\n",
       "      <td>-0.057479</td>\n",
       "      <td>-0.008199</td>\n",
       "      <td>-0.029680</td>\n",
       "    </tr>\n",
       "    <tr>\n",
       "      <th>Fruits</th>\n",
       "      <td>0.291001</td>\n",
       "      <td>0.066335</td>\n",
       "      <td>0.172929</td>\n",
       "      <td>0.345232</td>\n",
       "      <td>-0.048155</td>\n",
       "      <td>0.254299</td>\n",
       "      <td>-0.093450</td>\n",
       "      <td>0.482030</td>\n",
       "      <td>0.785883</td>\n",
       "      <td>0.026920</td>\n",
       "      <td>1.000000</td>\n",
       "      <td>0.110407</td>\n",
       "      <td>0.148281</td>\n",
       "      <td>-0.196890</td>\n",
       "      <td>0.386676</td>\n",
       "      <td>0.288594</td>\n",
       "      <td>0.324906</td>\n",
       "      <td>0.319690</td>\n",
       "      <td>0.261504</td>\n",
       "      <td>0.106223</td>\n",
       "    </tr>\n",
       "    <tr>\n",
       "      <th>Hoppy</th>\n",
       "      <td>-0.052596</td>\n",
       "      <td>0.407475</td>\n",
       "      <td>0.345168</td>\n",
       "      <td>0.330951</td>\n",
       "      <td>0.070138</td>\n",
       "      <td>-0.079949</td>\n",
       "      <td>0.712887</td>\n",
       "      <td>-0.034327</td>\n",
       "      <td>0.068895</td>\n",
       "      <td>0.172606</td>\n",
       "      <td>0.110407</td>\n",
       "      <td>1.000000</td>\n",
       "      <td>-0.131964</td>\n",
       "      <td>0.195767</td>\n",
       "      <td>0.099832</td>\n",
       "      <td>0.180224</td>\n",
       "      <td>0.159859</td>\n",
       "      <td>0.125560</td>\n",
       "      <td>0.175071</td>\n",
       "      <td>0.093800</td>\n",
       "    </tr>\n",
       "    <tr>\n",
       "      <th>Spices</th>\n",
       "      <td>0.191468</td>\n",
       "      <td>-0.046152</td>\n",
       "      <td>0.044533</td>\n",
       "      <td>-0.083795</td>\n",
       "      <td>0.185123</td>\n",
       "      <td>0.252876</td>\n",
       "      <td>-0.084048</td>\n",
       "      <td>0.107548</td>\n",
       "      <td>0.001831</td>\n",
       "      <td>-0.023079</td>\n",
       "      <td>0.148281</td>\n",
       "      <td>-0.131964</td>\n",
       "      <td>1.000000</td>\n",
       "      <td>0.061399</td>\n",
       "      <td>0.272312</td>\n",
       "      <td>0.196014</td>\n",
       "      <td>0.199024</td>\n",
       "      <td>0.217365</td>\n",
       "      <td>0.141125</td>\n",
       "      <td>-0.014847</td>\n",
       "    </tr>\n",
       "    <tr>\n",
       "      <th>Malty</th>\n",
       "      <td>0.162060</td>\n",
       "      <td>0.300041</td>\n",
       "      <td>0.288219</td>\n",
       "      <td>-0.082085</td>\n",
       "      <td>0.754228</td>\n",
       "      <td>0.270106</td>\n",
       "      <td>0.565570</td>\n",
       "      <td>0.471032</td>\n",
       "      <td>-0.303266</td>\n",
       "      <td>-0.028241</td>\n",
       "      <td>-0.196890</td>\n",
       "      <td>0.195767</td>\n",
       "      <td>0.061399</td>\n",
       "      <td>1.000000</td>\n",
       "      <td>0.205665</td>\n",
       "      <td>0.288089</td>\n",
       "      <td>0.231032</td>\n",
       "      <td>0.236624</td>\n",
       "      <td>0.212990</td>\n",
       "      <td>0.006598</td>\n",
       "    </tr>\n",
       "    <tr>\n",
       "      <th>review_aroma</th>\n",
       "      <td>0.416197</td>\n",
       "      <td>0.343730</td>\n",
       "      <td>0.369456</td>\n",
       "      <td>0.068579</td>\n",
       "      <td>0.360234</td>\n",
       "      <td>0.242989</td>\n",
       "      <td>0.241457</td>\n",
       "      <td>0.356514</td>\n",
       "      <td>0.289320</td>\n",
       "      <td>-0.088210</td>\n",
       "      <td>0.386676</td>\n",
       "      <td>0.099832</td>\n",
       "      <td>0.272312</td>\n",
       "      <td>0.205665</td>\n",
       "      <td>1.000000</td>\n",
       "      <td>0.855629</td>\n",
       "      <td>0.907433</td>\n",
       "      <td>0.936670</td>\n",
       "      <td>0.870504</td>\n",
       "      <td>0.174033</td>\n",
       "    </tr>\n",
       "    <tr>\n",
       "      <th>review_appearance</th>\n",
       "      <td>0.349139</td>\n",
       "      <td>0.380908</td>\n",
       "      <td>0.379655</td>\n",
       "      <td>0.070948</td>\n",
       "      <td>0.421331</td>\n",
       "      <td>0.184693</td>\n",
       "      <td>0.331854</td>\n",
       "      <td>0.332311</td>\n",
       "      <td>0.204817</td>\n",
       "      <td>-0.081388</td>\n",
       "      <td>0.288594</td>\n",
       "      <td>0.180224</td>\n",
       "      <td>0.196014</td>\n",
       "      <td>0.288089</td>\n",
       "      <td>0.855629</td>\n",
       "      <td>1.000000</td>\n",
       "      <td>0.869978</td>\n",
       "      <td>0.850693</td>\n",
       "      <td>0.813444</td>\n",
       "      <td>0.191213</td>\n",
       "    </tr>\n",
       "    <tr>\n",
       "      <th>review_palate</th>\n",
       "      <td>0.392517</td>\n",
       "      <td>0.352723</td>\n",
       "      <td>0.355608</td>\n",
       "      <td>0.106950</td>\n",
       "      <td>0.345270</td>\n",
       "      <td>0.205569</td>\n",
       "      <td>0.257267</td>\n",
       "      <td>0.315767</td>\n",
       "      <td>0.245169</td>\n",
       "      <td>-0.038413</td>\n",
       "      <td>0.324906</td>\n",
       "      <td>0.159859</td>\n",
       "      <td>0.199024</td>\n",
       "      <td>0.231032</td>\n",
       "      <td>0.907433</td>\n",
       "      <td>0.869978</td>\n",
       "      <td>1.000000</td>\n",
       "      <td>0.946520</td>\n",
       "      <td>0.918154</td>\n",
       "      <td>0.185631</td>\n",
       "    </tr>\n",
       "    <tr>\n",
       "      <th>review_taste</th>\n",
       "      <td>0.381200</td>\n",
       "      <td>0.339885</td>\n",
       "      <td>0.346557</td>\n",
       "      <td>0.092021</td>\n",
       "      <td>0.365055</td>\n",
       "      <td>0.206701</td>\n",
       "      <td>0.253373</td>\n",
       "      <td>0.322277</td>\n",
       "      <td>0.244314</td>\n",
       "      <td>-0.057479</td>\n",
       "      <td>0.319690</td>\n",
       "      <td>0.125560</td>\n",
       "      <td>0.217365</td>\n",
       "      <td>0.236624</td>\n",
       "      <td>0.936670</td>\n",
       "      <td>0.850693</td>\n",
       "      <td>0.946520</td>\n",
       "      <td>1.000000</td>\n",
       "      <td>0.937102</td>\n",
       "      <td>0.190588</td>\n",
       "    </tr>\n",
       "    <tr>\n",
       "      <th>review_overall</th>\n",
       "      <td>0.251838</td>\n",
       "      <td>0.289972</td>\n",
       "      <td>0.271969</td>\n",
       "      <td>0.159788</td>\n",
       "      <td>0.313824</td>\n",
       "      <td>0.069789</td>\n",
       "      <td>0.260874</td>\n",
       "      <td>0.207293</td>\n",
       "      <td>0.213449</td>\n",
       "      <td>-0.008199</td>\n",
       "      <td>0.261504</td>\n",
       "      <td>0.175071</td>\n",
       "      <td>0.141125</td>\n",
       "      <td>0.212990</td>\n",
       "      <td>0.870504</td>\n",
       "      <td>0.813444</td>\n",
       "      <td>0.918154</td>\n",
       "      <td>0.937102</td>\n",
       "      <td>1.000000</td>\n",
       "      <td>0.176511</td>\n",
       "    </tr>\n",
       "    <tr>\n",
       "      <th>number_of_reviews</th>\n",
       "      <td>0.142176</td>\n",
       "      <td>0.219822</td>\n",
       "      <td>0.221572</td>\n",
       "      <td>-0.050062</td>\n",
       "      <td>0.039057</td>\n",
       "      <td>0.048346</td>\n",
       "      <td>0.112026</td>\n",
       "      <td>0.048487</td>\n",
       "      <td>0.006642</td>\n",
       "      <td>-0.029680</td>\n",
       "      <td>0.106223</td>\n",
       "      <td>0.093800</td>\n",
       "      <td>-0.014847</td>\n",
       "      <td>0.006598</td>\n",
       "      <td>0.174033</td>\n",
       "      <td>0.191213</td>\n",
       "      <td>0.185631</td>\n",
       "      <td>0.190588</td>\n",
       "      <td>0.176511</td>\n",
       "      <td>1.000000</td>\n",
       "    </tr>\n",
       "  </tbody>\n",
       "</table>\n",
       "</div>"
      ],
      "text/plain": [
       "                        ABV   Min IBU   Max IBU  Astringency      Body  \\\n",
       "ABV                1.000000  0.432005  0.501037    -0.169521  0.241673   \n",
       "Min IBU            0.432005  1.000000  0.854248    -0.071501  0.325338   \n",
       "Max IBU            0.501037  0.854248  1.000000    -0.120273  0.310617   \n",
       "Astringency       -0.169521 -0.071501 -0.120273     1.000000 -0.059540   \n",
       "Body               0.241673  0.325338  0.310617    -0.059540  1.000000   \n",
       "Alcohol            0.654908  0.323694  0.392811    -0.171987  0.268885   \n",
       "Bitter             0.067388  0.539452  0.478080     0.114686  0.542236   \n",
       "Sweet              0.463487  0.227139  0.277292    -0.021456  0.458842   \n",
       "Sour               0.100795 -0.073098 -0.043275     0.571030 -0.126733   \n",
       "Salty             -0.120089 -0.057512 -0.083214     0.347155 -0.099277   \n",
       "Fruits             0.291001  0.066335  0.172929     0.345232 -0.048155   \n",
       "Hoppy             -0.052596  0.407475  0.345168     0.330951  0.070138   \n",
       "Spices             0.191468 -0.046152  0.044533    -0.083795  0.185123   \n",
       "Malty              0.162060  0.300041  0.288219    -0.082085  0.754228   \n",
       "review_aroma       0.416197  0.343730  0.369456     0.068579  0.360234   \n",
       "review_appearance  0.349139  0.380908  0.379655     0.070948  0.421331   \n",
       "review_palate      0.392517  0.352723  0.355608     0.106950  0.345270   \n",
       "review_taste       0.381200  0.339885  0.346557     0.092021  0.365055   \n",
       "review_overall     0.251838  0.289972  0.271969     0.159788  0.313824   \n",
       "number_of_reviews  0.142176  0.219822  0.221572    -0.050062  0.039057   \n",
       "\n",
       "                    Alcohol    Bitter     Sweet      Sour     Salty    Fruits  \\\n",
       "ABV                0.654908  0.067388  0.463487  0.100795 -0.120089  0.291001   \n",
       "Min IBU            0.323694  0.539452  0.227139 -0.073098 -0.057512  0.066335   \n",
       "Max IBU            0.392811  0.478080  0.277292 -0.043275 -0.083214  0.172929   \n",
       "Astringency       -0.171987  0.114686 -0.021456  0.571030  0.347155  0.345232   \n",
       "Body               0.268885  0.542236  0.458842 -0.126733 -0.099277 -0.048155   \n",
       "Alcohol            1.000000  0.009088  0.527039  0.048767 -0.094329  0.254299   \n",
       "Bitter             0.009088  1.000000  0.091705 -0.136914  0.004693 -0.093450   \n",
       "Sweet              0.527039  0.091705  1.000000  0.257913 -0.131918  0.482030   \n",
       "Sour               0.048767 -0.136914  0.257913  1.000000  0.098173  0.785883   \n",
       "Salty             -0.094329  0.004693 -0.131918  0.098173  1.000000  0.026920   \n",
       "Fruits             0.254299 -0.093450  0.482030  0.785883  0.026920  1.000000   \n",
       "Hoppy             -0.079949  0.712887 -0.034327  0.068895  0.172606  0.110407   \n",
       "Spices             0.252876 -0.084048  0.107548  0.001831 -0.023079  0.148281   \n",
       "Malty              0.270106  0.565570  0.471032 -0.303266 -0.028241 -0.196890   \n",
       "review_aroma       0.242989  0.241457  0.356514  0.289320 -0.088210  0.386676   \n",
       "review_appearance  0.184693  0.331854  0.332311  0.204817 -0.081388  0.288594   \n",
       "review_palate      0.205569  0.257267  0.315767  0.245169 -0.038413  0.324906   \n",
       "review_taste       0.206701  0.253373  0.322277  0.244314 -0.057479  0.319690   \n",
       "review_overall     0.069789  0.260874  0.207293  0.213449 -0.008199  0.261504   \n",
       "number_of_reviews  0.048346  0.112026  0.048487  0.006642 -0.029680  0.106223   \n",
       "\n",
       "                      Hoppy    Spices     Malty  review_aroma  \\\n",
       "ABV               -0.052596  0.191468  0.162060      0.416197   \n",
       "Min IBU            0.407475 -0.046152  0.300041      0.343730   \n",
       "Max IBU            0.345168  0.044533  0.288219      0.369456   \n",
       "Astringency        0.330951 -0.083795 -0.082085      0.068579   \n",
       "Body               0.070138  0.185123  0.754228      0.360234   \n",
       "Alcohol           -0.079949  0.252876  0.270106      0.242989   \n",
       "Bitter             0.712887 -0.084048  0.565570      0.241457   \n",
       "Sweet             -0.034327  0.107548  0.471032      0.356514   \n",
       "Sour               0.068895  0.001831 -0.303266      0.289320   \n",
       "Salty              0.172606 -0.023079 -0.028241     -0.088210   \n",
       "Fruits             0.110407  0.148281 -0.196890      0.386676   \n",
       "Hoppy              1.000000 -0.131964  0.195767      0.099832   \n",
       "Spices            -0.131964  1.000000  0.061399      0.272312   \n",
       "Malty              0.195767  0.061399  1.000000      0.205665   \n",
       "review_aroma       0.099832  0.272312  0.205665      1.000000   \n",
       "review_appearance  0.180224  0.196014  0.288089      0.855629   \n",
       "review_palate      0.159859  0.199024  0.231032      0.907433   \n",
       "review_taste       0.125560  0.217365  0.236624      0.936670   \n",
       "review_overall     0.175071  0.141125  0.212990      0.870504   \n",
       "number_of_reviews  0.093800 -0.014847  0.006598      0.174033   \n",
       "\n",
       "                   review_appearance  review_palate  review_taste  \\\n",
       "ABV                         0.349139       0.392517      0.381200   \n",
       "Min IBU                     0.380908       0.352723      0.339885   \n",
       "Max IBU                     0.379655       0.355608      0.346557   \n",
       "Astringency                 0.070948       0.106950      0.092021   \n",
       "Body                        0.421331       0.345270      0.365055   \n",
       "Alcohol                     0.184693       0.205569      0.206701   \n",
       "Bitter                      0.331854       0.257267      0.253373   \n",
       "Sweet                       0.332311       0.315767      0.322277   \n",
       "Sour                        0.204817       0.245169      0.244314   \n",
       "Salty                      -0.081388      -0.038413     -0.057479   \n",
       "Fruits                      0.288594       0.324906      0.319690   \n",
       "Hoppy                       0.180224       0.159859      0.125560   \n",
       "Spices                      0.196014       0.199024      0.217365   \n",
       "Malty                       0.288089       0.231032      0.236624   \n",
       "review_aroma                0.855629       0.907433      0.936670   \n",
       "review_appearance           1.000000       0.869978      0.850693   \n",
       "review_palate               0.869978       1.000000      0.946520   \n",
       "review_taste                0.850693       0.946520      1.000000   \n",
       "review_overall              0.813444       0.918154      0.937102   \n",
       "number_of_reviews           0.191213       0.185631      0.190588   \n",
       "\n",
       "                   review_overall  number_of_reviews  \n",
       "ABV                      0.251838           0.142176  \n",
       "Min IBU                  0.289972           0.219822  \n",
       "Max IBU                  0.271969           0.221572  \n",
       "Astringency              0.159788          -0.050062  \n",
       "Body                     0.313824           0.039057  \n",
       "Alcohol                  0.069789           0.048346  \n",
       "Bitter                   0.260874           0.112026  \n",
       "Sweet                    0.207293           0.048487  \n",
       "Sour                     0.213449           0.006642  \n",
       "Salty                   -0.008199          -0.029680  \n",
       "Fruits                   0.261504           0.106223  \n",
       "Hoppy                    0.175071           0.093800  \n",
       "Spices                   0.141125          -0.014847  \n",
       "Malty                    0.212990           0.006598  \n",
       "review_aroma             0.870504           0.174033  \n",
       "review_appearance        0.813444           0.191213  \n",
       "review_palate            0.918154           0.185631  \n",
       "review_taste             0.937102           0.190588  \n",
       "review_overall           1.000000           0.176511  \n",
       "number_of_reviews        0.176511           1.000000  "
      ]
     },
     "execution_count": 4,
     "metadata": {},
     "output_type": "execute_result"
    }
   ],
   "source": [
    "#Get correlation between all columns\n",
    "df.corr()"
   ]
  },
  {
   "cell_type": "code",
   "execution_count": 5,
   "id": "f8914e38",
   "metadata": {},
   "outputs": [],
   "source": [
    "# Separating Data from results\n",
    "y = df['review_overall']\n",
    "X = df.drop(['review_overall', 'Beer Name (Full)', 'Description','Name', 'Style','Brewery', 'review_aroma', 'review_palate', 'review_taste'], axis=1)"
   ]
  },
  {
   "cell_type": "code",
   "execution_count": 6,
   "id": "486ed8b2",
   "metadata": {},
   "outputs": [],
   "source": [
    "import numpy as np\n",
    "from sklearn.model_selection import train_test_split\n",
    "from sklearn.metrics import mean_squared_error, mean_absolute_error\n",
    "from sklearn.linear_model import LinearRegression"
   ]
  },
  {
   "cell_type": "code",
   "execution_count": 26,
   "id": "0491600c",
   "metadata": {},
   "outputs": [],
   "source": [
    "X_train, X_test, y_train, y_test = train_test_split(X, y,\n",
    "                                                   test_size=0.3,\n",
    "                                                   random_state=42)"
   ]
  },
  {
   "cell_type": "code",
   "execution_count": 8,
   "id": "9e64dc37",
   "metadata": {},
   "outputs": [
    {
     "data": {
      "text/plain": [
       "(0.06395760851787427, 0.06395760851787427)"
      ]
     },
     "execution_count": 8,
     "metadata": {},
     "output_type": "execute_result"
    }
   ],
   "source": [
